[gd_scene load_steps=11 format=2]

[ext_resource path="res://UI/Layers/LayerConfiguration/Misc/ProfileEditor/Path.gd" type="Script" id=1]
[ext_resource path="res://Resources/Meshes/APV/Steel_Brushed_Stainless.material" type="Material" id=2]

[sub_resource type="Curve3D" id=1]
_data = {
"points": PoolVector3Array( 0, 0, 0, 0, 0, 0, 0, 0, 0, 0, 0, 0, 0, 0, 0, 16.3497, 1.48623, -44.5646, 0, 0, 0, 0, 0, 0, 41.2134, 1.56974, -51.3654, 0, 0, 0, 0, 0, 0, 63.0304, -13.2803, -44.8587, 0, 0, 0, 0, 0, 0, 59.9028, -28.1304, -31.5992, 0, 0, 0, 0, 0, 0, 43.6573, -34.6182, -21.7782 ),
"tilts": PoolRealArray( 0, 0, 0, 0, 0, 0 )
}

[sub_resource type="CylinderMesh" id=8]
top_radius = 0.1
bottom_radius = 0.1
height = 7.0

[sub_resource type="CubeMesh" id=2]
size = Vector3( 0.05, 0.7, 0.1 )

[sub_resource type="CylinderMesh" id=3]
top_radius = 0.1
bottom_radius = 0.1
height = 0.8

[sub_resource type="CubeMesh" id=4]
size = Vector3( 0.5, 2, 2 )

[sub_resource type="PlaneMesh" id=5]
size = Vector2( 0.3, 0.3 )

[sub_resource type="SpatialMaterial" id=6]
albedo_color = Color( 0.972549, 0.921569, 0.694118, 1 )
emission_enabled = true
emission = Color( 0.972549, 0.921569, 0.694118, 1 )
emission_energy = 1.0
emission_operator = 0
emission_on_uv2 = false

[sub_resource type="CapsuleShape" id=7]
radius = 1.1147
height = 5.0

[node name="Path" type="Path"]
curve = SubResource( 1 )
script = ExtResource( 1 )

[node name="557" type="PathFollow" parent="."]
transform = Transform( -0.93881, -0.0107786, 0.344266, 4.61936e-07, 0.99951, 0.0312945, -0.344436, 0.0293799, -0.938346, 12.5167, 1.62625, -16.6969 )
offset = 20.0
h_offset = -6.0
v_offset = 1.0
rotation_mode = 4

[node name="StaticBody" type="StaticBody" parent="557"]

[node name="Mesh" type="Spatial" parent="557/StaticBody"]

[node name="Spatial" type="MeshInstance" parent="557/StaticBody/Mesh"]
transform = Transform( 1, 0, 0, 0, 1, 0, 0, 0, 1, 0, 1.52196, 0 )
mesh = SubResource( 8 )
skeleton = NodePath("../..")
material/0 = ExtResource( 2 )

[node name="MeshInstance" type="MeshInstance" parent="557/StaticBody/Mesh"]
transform = Transform( 0.707107, 0.707107, 0, -0.707107, 0.707107, 0, 0, 0, 1, 0.20661, 4.73394, 0 )
mesh = SubResource( 2 )
skeleton = NodePath("../Spatial")
material/0 = ExtResource( 2 )

[node name="MeshInstance2" type="MeshInstance" parent="557/StaticBody/Mesh"]
transform = Transform( 0.057772, 0.993302, 0, -0.496651, 0.115544, 0, 0, 0, 1, 0.478379, 4.99425, 0 )
mesh = SubResource( 3 )
skeleton = NodePath("../Spatial")
material/0 = ExtResource( 2 )

[node name="MeshInstance3" type="MeshInstance" parent="557/StaticBody/Mesh"]
transform = Transform( -0.00697989, -0.199878, 0, 0.199878, -0.00697989, 0, 0, 0, 0.2, 1, 5.05013, 0 )
mesh = SubResource( 4 )
skeleton = NodePath("../Spatial")
material/0 = ExtResource( 2 )

[node name="SpotLight" type="SpotLight" parent="557/StaticBody/Mesh"]
transform = Transform( 1, 0, 0, 0, -4.37114e-08, 1, 0, -1, -4.37114e-08, 1, 4.95, 0 )
light_color = Color( 0.972549, 0.921569, 0.694118, 1 )
light_energy = 0.5
light_indirect_energy = 0.5
spot_range = 32.459
spot_attenuation = 1.23115
spot_angle = 64.12
spot_angle_attenuation = 1.18921

[node name="MeshInstance4" type="MeshInstance" parent="557/StaticBody/Mesh"]
transform = Transform( 0.999391, 0.0348995, 0, 0.0348995, -0.999391, -8.74228e-08, -3.05101e-09, 8.73695e-08, -1, 1.03814, 5, 0 )
mesh = SubResource( 5 )
skeleton = NodePath("../Spatial")
material/0 = SubResource( 6 )

[node name="CollisionShape" type="CollisionShape" parent="557/StaticBody"]
transform = Transform( 1, 0, 0, 0, -4.37114e-08, -1, 0, 1, -4.37114e-08, 0, 1.6, 0 )
shape = SubResource( 7 )

[node name="558" type="PathFollow" parent="."]
transform = Transform( -0.938809, -0.0107786, 0.344266, 4.61936e-07, 0.99951, 0.0312946, -0.344436, 0.0293799, -0.938348, 1.25102, 1.62626, -20.8301 )
offset = 20.0
h_offset = 6.0
v_offset = 1.0
rotation_mode = 4

[node name="StaticBody2" type="StaticBody" parent="558"]
transform = Transform( -1, 0, 0, 0, 1, 0, 0, 0, 1, 0, 0, 0 )

[node name="Mesh" type="Spatial" parent="558/StaticBody2"]

[node name="Spatial" type="MeshInstance" parent="558/StaticBody2/Mesh"]
transform = Transform( 1, 0, 0, 0, 1, 0, 0, 0, 1, 0, 1.52196, 0 )
mesh = SubResource( 8 )
skeleton = NodePath("../..")
material/0 = ExtResource( 2 )

[node name="MeshInstance" type="MeshInstance" parent="558/StaticBody2/Mesh"]
transform = Transform( 0.707107, 0.707107, 5.96046e-08, -0.707107, 0.707107, 1.86265e-09, -2.98023e-08, -1.49012e-08, 1, 0.20661, 4.73394, 0 )
mesh = SubResource( 2 )
skeleton = NodePath("../Spatial")
material/0 = ExtResource( 2 )

[node name="MeshInstance2" type="MeshInstance" parent="558/StaticBody2/Mesh"]
transform = Transform( 0.057772, 0.993302, 0, -0.496651, 0.115544, 0, 0, 0, 1, 0.478379, 4.99425, 0 )
mesh = SubResource( 3 )
skeleton = NodePath("../Spatial")
material/0 = ExtResource( 2 )

[node name="MeshInstance3" type="MeshInstance" parent="558/StaticBody2/Mesh"]
transform = Transform( -0.00697989, -0.199878, 0, 0.199878, -0.00697989, 0, 0, 0, 0.2, 1, 5.05013, 0 )
mesh = SubResource( 4 )
skeleton = NodePath("../Spatial")
material/0 = ExtResource( 2 )

[node name="SpotLight" type="SpotLight" parent="558/StaticBody2/Mesh"]
transform = Transform( 1, 0, 0, 0, -4.37114e-08, 1, 0, -1, -4.37114e-08, 1, 4.95, 0 )
light_color = Color( 0.972549, 0.921569, 0.694118, 1 )
light_energy = 0.5
light_indirect_energy = 0.5
spot_range = 32.459
spot_attenuation = 1.23115
spot_angle = 64.12
spot_angle_attenuation = 1.18921

[node name="MeshInstance4" type="MeshInstance" parent="558/StaticBody2/Mesh"]
transform = Transform( 0.999391, 0.0348995, 0, 0.0348995, -0.999391, -8.74228e-08, -3.05101e-09, 8.73695e-08, -1, 1.03814, 5, 0 )
mesh = SubResource( 5 )
skeleton = NodePath("../Spatial")
material/0 = SubResource( 6 )

[node name="CollisionShape" type="CollisionShape" parent="558/StaticBody2"]
transform = Transform( 1, 0, 0, 0, -4.37114e-08, -1, 0, 1, -4.37114e-08, 0, 1.6, 0 )
shape = SubResource( 7 )
