<?xml version="1.0" encoding="UTF-8" standalone="no" ?>
<COLLADA xmlns="http://www.collada.org/2005/11/COLLADASchema" version="1.4.1">
    <asset>
        <contributor>
            <authoring_tool>SketchUp 17.1.174</authoring_tool>
        </contributor>
        <created>2019-07-30T14:55:36Z</created>
        <modified>2019-07-30T14:55:36Z</modified>
        <unit meter="0.0254" name="inch" />
        <up_axis>Z_UP</up_axis>
    </asset>
    <library_cameras>
        <camera id="ID1" name="skp_camera_Last_Saved_SketchUp_View">
            <optics>
                <technique_common>
                    <perspective>
                        <yfov>35</yfov>
                        <aspect_ratio>0</aspect_ratio>
                        <znear>1</znear>
                        <zfar>1000</zfar>
                    </perspective>
                </technique_common>
            </optics>
        </camera>
    </library_cameras>
    <library_visual_scenes>
        <visual_scene id="ID2">
            <node name="SketchUp">
                <node name="skp_camera_Last_Saved_SketchUp_View">
                    <matrix>-0.9526796 0.09626024 -0.2883324 -215.9231 -0.3039764 -0.3016852 0.9036506 1302.737 0 0.9485357 0.3166701 228.7112 0 0 0 1</matrix>
                    <instance_camera url="#ID1" />
                </node>
                <node id="ID3" name="Steher_Paar">
                    <matrix>1 0 0 0 0 1 0 0 0 0 1 0 0 0 0 1</matrix>
                    <instance_geometry url="#ID4">
                        <bind_material>
                            <technique_common>
                                <instance_material symbol="Material2" target="#ID5">
                                    <bind_vertex_input semantic="UVSET0" input_semantic="TEXCOORD" input_set="0" />
                                </instance_material>
                            </technique_common>
                        </bind_material>
                    </instance_geometry>
                    <instance_geometry url="#ID17">
                        <bind_material>
                            <technique_common>
                                <instance_material symbol="Material2" target="#ID5">
                                    <bind_vertex_input semantic="UVSET0" input_semantic="TEXCOORD" input_set="0" />
                                </instance_material>
                            </technique_common>
                        </bind_material>
                    </instance_geometry>
                    <instance_geometry url="#ID25">
                        <bind_material>
                            <technique_common>
                                <instance_material symbol="Material2" target="#ID27">
                                    <bind_vertex_input semantic="UVSET0" input_semantic="TEXCOORD" input_set="0" />
                                </instance_material>
                            </technique_common>
                        </bind_material>
                    </instance_geometry>
                    <instance_geometry url="#ID33">
                        <bind_material>
                            <technique_common>
                                <instance_material symbol="Material2" target="#ID27">
                                    <bind_vertex_input semantic="UVSET0" input_semantic="TEXCOORD" input_set="0" />
                                </instance_material>
                            </technique_common>
                        </bind_material>
                    </instance_geometry>
                    <instance_geometry url="#ID39">
                        <bind_material>
                            <technique_common>
                                <instance_material symbol="Material2" target="#ID27">
                                    <bind_vertex_input semantic="UVSET0" input_semantic="TEXCOORD" input_set="0" />
                                </instance_material>
                            </technique_common>
                        </bind_material>
                    </instance_geometry>
                </node>
                <node id="ID45" name="_4kWp">
                    <matrix>1 0 0 -8.613341 0 1 0 -19.4258 0 0 1 17.98446 0 0 0 1</matrix>
                    <node id="ID46" name="instance_0">
                        <matrix>0.8829476 0 -0.4694716 0.7393253 0 1 0 283.8583 0.4694716 -0 0.8829476 0 0 0 0 1</matrix>
                        <instance_node url="#ID47" />
                    </node>
                    <node id="ID69" name="instance_1">
                        <matrix>0.8829476 0 -0.4694716 58.79139 0 1 0 202.7559 0.4694716 -0 0.8829476 30.86683 0 0 0 1</matrix>
                        <instance_node url="#ID47" />
                    </node>
                    <node id="ID70" name="instance_2">
                        <matrix>0.8829476 0 -0.4694716 58.79139 0 1 0 0 0.4694716 -0 0.8829476 30.86683 0 0 0 1</matrix>
                        <instance_node url="#ID47" />
                    </node>
                    <node id="ID71" name="instance_3">
                        <matrix>0.8829476 0 -0.4694716 58.79139 0 1 0 121.6535 0.4694716 -0 0.8829476 30.86683 0 0 0 1</matrix>
                        <instance_node url="#ID47" />
                    </node>
                    <node id="ID72" name="instance_4">
                        <matrix>0.8829476 0 -0.4694716 0.7393253 0 1 0 0 0.4694716 -0 0.8829476 0 0 0 0 1</matrix>
                        <instance_node url="#ID47" />
                    </node>
                    <node id="ID73" name="instance_5">
                        <matrix>0.8829476 0 -0.4694716 58.79139 0 1 0 162.2047 0.4694716 -0 0.8829476 30.86683 0 0 0 1</matrix>
                        <instance_node url="#ID47" />
                    </node>
                    <node id="ID74" name="instance_6">
                        <matrix>0.8829476 0 -0.4694716 58.79139 0 1 0 81.10236 0.4694716 -0 0.8829476 30.86683 0 0 0 1</matrix>
                        <instance_node url="#ID47" />
                    </node>
                    <node id="ID75" name="instance_7">
                        <matrix>0.8829476 0 -0.4694716 58.79139 0 1 0 243.3071 0.4694716 -0 0.8829476 30.86683 0 0 0 1</matrix>
                        <instance_node url="#ID47" />
                    </node>
                    <node id="ID76" name="instance_8">
                        <matrix>0.8829476 0 -0.4694716 0.7393253 0 1 0 162.2047 0.4694716 -0 0.8829476 0 0 0 0 1</matrix>
                        <instance_node url="#ID47" />
                    </node>
                    <node id="ID77" name="instance_9">
                        <matrix>0.8829476 0 -0.4694716 0.7393253 0 1 0 121.6535 0.4694716 -0 0.8829476 0 0 0 0 1</matrix>
                        <instance_node url="#ID47" />
                    </node>
                    <node id="ID78" name="instance_10">
                        <matrix>0.8829476 0 -0.4694716 58.79139 0 1 0 40.55118 0.4694716 -0 0.8829476 30.86683 0 0 0 1</matrix>
                        <instance_node url="#ID47" />
                    </node>
                    <node id="ID79" name="instance_11">
                        <matrix>0.8829476 0 -0.4694716 0.7393253 0 1 0 202.7559 0.4694716 -0 0.8829476 0 0 0 0 1</matrix>
                        <instance_node url="#ID47" />
                    </node>
                    <node id="ID80" name="instance_12">
                        <matrix>0.8829476 0 -0.4694716 0.7393253 0 1 0 40.55118 0.4694716 -0 0.8829476 0 0 0 0 1</matrix>
                        <instance_node url="#ID47" />
                    </node>
                    <node id="ID81" name="instance_13">
                        <matrix>0.8829476 0 -0.4694716 0.7393253 0 1 0 81.10236 0.4694716 -0 0.8829476 0 0 0 0 1</matrix>
                        <instance_node url="#ID47" />
                    </node>
                    <node id="ID82" name="instance_14">
                        <matrix>0.8829476 0 -0.4694716 58.79139 0 1 0 283.8583 0.4694716 -0 0.8829476 30.86683 0 0 0 1</matrix>
                        <instance_node url="#ID47" />
                    </node>
                    <node id="ID83" name="instance_15">
                        <matrix>0.8829476 0 -0.4694716 0.7393253 0 1 0 243.3071 0.4694716 -0 0.8829476 0 0 0 0 1</matrix>
                        <instance_node url="#ID47" />
                    </node>
                </node>
                <node id="ID84" name="_4kWp">
                    <matrix>1 0 0 -8.613341 0 1 0 304.9837 0 0 1 17.98446 0 0 0 1</matrix>
                    <node id="ID85" name="instance_0">
                        <matrix>0.8829476 0 -0.4694716 0.7393253 0 1 0 283.8583 0.4694716 -0 0.8829476 0 0 0 0 1</matrix>
                        <instance_node url="#ID47" />
                    </node>
                    <node id="ID86" name="instance_1">
                        <matrix>0.8829476 0 -0.4694716 58.79139 0 1 0 202.7559 0.4694716 -0 0.8829476 30.86683 0 0 0 1</matrix>
                        <instance_node url="#ID47" />
                    </node>
                    <node id="ID87" name="instance_2">
                        <matrix>0.8829476 0 -0.4694716 58.79139 0 1 0 0 0.4694716 -0 0.8829476 30.86683 0 0 0 1</matrix>
                        <instance_node url="#ID47" />
                    </node>
                    <node id="ID88" name="instance_3">
                        <matrix>0.8829476 0 -0.4694716 58.79139 0 1 0 121.6535 0.4694716 -0 0.8829476 30.86683 0 0 0 1</matrix>
                        <instance_node url="#ID47" />
                    </node>
                    <node id="ID89" name="instance_4">
                        <matrix>0.8829476 0 -0.4694716 0.7393253 0 1 0 0 0.4694716 -0 0.8829476 0 0 0 0 1</matrix>
                        <instance_node url="#ID47" />
                    </node>
                    <node id="ID90" name="instance_5">
                        <matrix>0.8829476 0 -0.4694716 58.79139 0 1 0 162.2047 0.4694716 -0 0.8829476 30.86683 0 0 0 1</matrix>
                        <instance_node url="#ID47" />
                    </node>
                    <node id="ID91" name="instance_6">
                        <matrix>0.8829476 0 -0.4694716 58.79139 0 1 0 81.10236 0.4694716 -0 0.8829476 30.86683 0 0 0 1</matrix>
                        <instance_node url="#ID47" />
                    </node>
                    <node id="ID92" name="instance_7">
                        <matrix>0.8829476 0 -0.4694716 58.79139 0 1 0 243.3071 0.4694716 -0 0.8829476 30.86683 0 0 0 1</matrix>
                        <instance_node url="#ID47" />
                    </node>
                    <node id="ID93" name="instance_8">
                        <matrix>0.8829476 0 -0.4694716 0.7393253 0 1 0 162.2047 0.4694716 -0 0.8829476 0 0 0 0 1</matrix>
                        <instance_node url="#ID47" />
                    </node>
                    <node id="ID94" name="instance_9">
                        <matrix>0.8829476 0 -0.4694716 0.7393253 0 1 0 121.6535 0.4694716 -0 0.8829476 0 0 0 0 1</matrix>
                        <instance_node url="#ID47" />
                    </node>
                    <node id="ID95" name="instance_10">
                        <matrix>0.8829476 0 -0.4694716 58.79139 0 1 0 40.55118 0.4694716 -0 0.8829476 30.86683 0 0 0 1</matrix>
                        <instance_node url="#ID47" />
                    </node>
                    <node id="ID96" name="instance_11">
                        <matrix>0.8829476 0 -0.4694716 0.7393253 0 1 0 202.7559 0.4694716 -0 0.8829476 0 0 0 0 1</matrix>
                        <instance_node url="#ID47" />
                    </node>
                    <node id="ID97" name="instance_12">
                        <matrix>0.8829476 0 -0.4694716 0.7393253 0 1 0 40.55118 0.4694716 -0 0.8829476 0 0 0 0 1</matrix>
                        <instance_node url="#ID47" />
                    </node>
                    <node id="ID98" name="instance_13">
                        <matrix>0.8829476 0 -0.4694716 0.7393253 0 1 0 81.10236 0.4694716 -0 0.8829476 0 0 0 0 1</matrix>
                        <instance_node url="#ID47" />
                    </node>
                    <node id="ID99" name="instance_14">
                        <matrix>0.8829476 0 -0.4694716 58.79139 0 1 0 283.8583 0.4694716 -0 0.8829476 30.86683 0 0 0 1</matrix>
                        <instance_node url="#ID47" />
                    </node>
                    <node id="ID100" name="instance_15">
                        <matrix>0.8829476 0 -0.4694716 0.7393253 0 1 0 243.3071 0.4694716 -0 0.8829476 0 0 0 0 1</matrix>
                        <instance_node url="#ID47" />
                    </node>
                </node>
                <node id="ID101" name="_4kWp">
                    <matrix>1 0 0 -8.613341 0 1 0 629.3931 0 0 1 17.98446 0 0 0 1</matrix>
                    <node id="ID102" name="instance_16">
                        <matrix>0.8829476 0 -0.4694716 58.79139 0 1 0 0 0.4694716 -0 0.8829476 30.86683 0 0 0 1</matrix>
                        <instance_node url="#ID47" />
                    </node>
                    <node id="ID103" name="instance_17">
                        <matrix>0.8829476 0 -0.4694716 58.79139 0 1 0 121.6535 0.4694716 -0 0.8829476 30.86683 0 0 0 1</matrix>
                        <instance_node url="#ID47" />
                    </node>
                    <node id="ID104" name="instance_18">
                        <matrix>0.8829476 0 -0.4694716 0.7393253 0 1 0 0 0.4694716 -0 0.8829476 0 0 0 0 1</matrix>
                        <instance_node url="#ID47" />
                    </node>
                    <node id="ID105" name="instance_19">
                        <matrix>0.8829476 0 -0.4694716 58.79139 0 1 0 81.10236 0.4694716 -0 0.8829476 30.86683 0 0 0 1</matrix>
                        <instance_node url="#ID47" />
                    </node>
                    <node id="ID106" name="instance_20">
                        <matrix>0.8829476 0 -0.4694716 0.7393253 0 1 0 121.6535 0.4694716 -0 0.8829476 0 0 0 0 1</matrix>
                        <instance_node url="#ID47" />
                    </node>
                    <node id="ID107" name="instance_21">
                        <matrix>0.8829476 0 -0.4694716 58.79139 0 1 0 40.55118 0.4694716 -0 0.8829476 30.86683 0 0 0 1</matrix>
                        <instance_node url="#ID47" />
                    </node>
                    <node id="ID108" name="instance_22">
                        <matrix>0.8829476 0 -0.4694716 0.7393253 0 1 0 40.55118 0.4694716 -0 0.8829476 0 0 0 0 1</matrix>
                        <instance_node url="#ID47" />
                    </node>
                    <node id="ID109" name="instance_23">
                        <matrix>0.8829476 0 -0.4694716 0.7393253 0 1 0 81.10236 0.4694716 -0 0.8829476 0 0 0 0 1</matrix>
                        <instance_node url="#ID47" />
                    </node>
                </node>
                <node id="ID110" name="Steher_Paar">
                    <matrix>1 0 0 0 0 1 0 109.992 0 0 1 -5.962556e-21 0 0 0 1</matrix>
                    <instance_geometry url="#ID111">
                        <bind_material>
                            <technique_common>
                                <instance_material symbol="Material2" target="#ID5">
                                    <bind_vertex_input semantic="UVSET0" input_semantic="TEXCOORD" input_set="0" />
                                </instance_material>
                            </technique_common>
                        </bind_material>
                    </instance_geometry>
                    <instance_geometry url="#ID119">
                        <bind_material>
                            <technique_common>
                                <instance_material symbol="Material2" target="#ID5">
                                    <bind_vertex_input semantic="UVSET0" input_semantic="TEXCOORD" input_set="0" />
                                </instance_material>
                            </technique_common>
                        </bind_material>
                    </instance_geometry>
                    <instance_geometry url="#ID127">
                        <bind_material>
                            <technique_common>
                                <instance_material symbol="Material2" target="#ID27">
                                    <bind_vertex_input semantic="UVSET0" input_semantic="TEXCOORD" input_set="0" />
                                </instance_material>
                            </technique_common>
                        </bind_material>
                    </instance_geometry>
                    <instance_geometry url="#ID133">
                        <bind_material>
                            <technique_common>
                                <instance_material symbol="Material2" target="#ID27">
                                    <bind_vertex_input semantic="UVSET0" input_semantic="TEXCOORD" input_set="0" />
                                </instance_material>
                            </technique_common>
                        </bind_material>
                    </instance_geometry>
                    <instance_geometry url="#ID139">
                        <bind_material>
                            <technique_common>
                                <instance_material symbol="Material2" target="#ID27">
                                    <bind_vertex_input semantic="UVSET0" input_semantic="TEXCOORD" input_set="0" />
                                </instance_material>
                            </technique_common>
                        </bind_material>
                    </instance_geometry>
                </node>
                <node id="ID145" name="Steher_Paar">
                    <matrix>1 0 0 0 0 1 0 219.9841 0 0 1 -5.962556e-21 0 0 0 1</matrix>
                    <instance_geometry url="#ID146">
                        <bind_material>
                            <technique_common>
                                <instance_material symbol="Material2" target="#ID5">
                                    <bind_vertex_input semantic="UVSET0" input_semantic="TEXCOORD" input_set="0" />
                                </instance_material>
                            </technique_common>
                        </bind_material>
                    </instance_geometry>
                    <instance_geometry url="#ID154">
                        <bind_material>
                            <technique_common>
                                <instance_material symbol="Material2" target="#ID5">
                                    <bind_vertex_input semantic="UVSET0" input_semantic="TEXCOORD" input_set="0" />
                                </instance_material>
                            </technique_common>
                        </bind_material>
                    </instance_geometry>
                    <instance_geometry url="#ID162">
                        <bind_material>
                            <technique_common>
                                <instance_material symbol="Material2" target="#ID27">
                                    <bind_vertex_input semantic="UVSET0" input_semantic="TEXCOORD" input_set="0" />
                                </instance_material>
                            </technique_common>
                        </bind_material>
                    </instance_geometry>
                    <instance_geometry url="#ID168">
                        <bind_material>
                            <technique_common>
                                <instance_material symbol="Material2" target="#ID27">
                                    <bind_vertex_input semantic="UVSET0" input_semantic="TEXCOORD" input_set="0" />
                                </instance_material>
                            </technique_common>
                        </bind_material>
                    </instance_geometry>
                    <instance_geometry url="#ID174">
                        <bind_material>
                            <technique_common>
                                <instance_material symbol="Material2" target="#ID27">
                                    <bind_vertex_input semantic="UVSET0" input_semantic="TEXCOORD" input_set="0" />
                                </instance_material>
                            </technique_common>
                        </bind_material>
                    </instance_geometry>
                </node>
                <node id="ID180" name="Steher_Paar">
                    <matrix>1 0 0 0 0 1 0 329.9761 0 0 1 -5.962556e-21 0 0 0 1</matrix>
                    <instance_geometry url="#ID181">
                        <bind_material>
                            <technique_common>
                                <instance_material symbol="Material2" target="#ID5">
                                    <bind_vertex_input semantic="UVSET0" input_semantic="TEXCOORD" input_set="0" />
                                </instance_material>
                            </technique_common>
                        </bind_material>
                    </instance_geometry>
                    <instance_geometry url="#ID189">
                        <bind_material>
                            <technique_common>
                                <instance_material symbol="Material2" target="#ID5">
                                    <bind_vertex_input semantic="UVSET0" input_semantic="TEXCOORD" input_set="0" />
                                </instance_material>
                            </technique_common>
                        </bind_material>
                    </instance_geometry>
                    <instance_geometry url="#ID197">
                        <bind_material>
                            <technique_common>
                                <instance_material symbol="Material2" target="#ID27">
                                    <bind_vertex_input semantic="UVSET0" input_semantic="TEXCOORD" input_set="0" />
                                </instance_material>
                            </technique_common>
                        </bind_material>
                    </instance_geometry>
                    <instance_geometry url="#ID203">
                        <bind_material>
                            <technique_common>
                                <instance_material symbol="Material2" target="#ID27">
                                    <bind_vertex_input semantic="UVSET0" input_semantic="TEXCOORD" input_set="0" />
                                </instance_material>
                            </technique_common>
                        </bind_material>
                    </instance_geometry>
                    <instance_geometry url="#ID209">
                        <bind_material>
                            <technique_common>
                                <instance_material symbol="Material2" target="#ID27">
                                    <bind_vertex_input semantic="UVSET0" input_semantic="TEXCOORD" input_set="0" />
                                </instance_material>
                            </technique_common>
                        </bind_material>
                    </instance_geometry>
                </node>
                <node id="ID215" name="Steher_Paar">
                    <matrix>1 0 0 0 0 1 0 439.9682 0 0 1 -5.962556e-21 0 0 0 1</matrix>
                    <instance_geometry url="#ID216">
                        <bind_material>
                            <technique_common>
                                <instance_material symbol="Material2" target="#ID5">
                                    <bind_vertex_input semantic="UVSET0" input_semantic="TEXCOORD" input_set="0" />
                                </instance_material>
                            </technique_common>
                        </bind_material>
                    </instance_geometry>
                    <instance_geometry url="#ID224">
                        <bind_material>
                            <technique_common>
                                <instance_material symbol="Material2" target="#ID5">
                                    <bind_vertex_input semantic="UVSET0" input_semantic="TEXCOORD" input_set="0" />
                                </instance_material>
                            </technique_common>
                        </bind_material>
                    </instance_geometry>
                    <instance_geometry url="#ID232">
                        <bind_material>
                            <technique_common>
                                <instance_material symbol="Material2" target="#ID27">
                                    <bind_vertex_input semantic="UVSET0" input_semantic="TEXCOORD" input_set="0" />
                                </instance_material>
                            </technique_common>
                        </bind_material>
                    </instance_geometry>
                    <instance_geometry url="#ID238">
                        <bind_material>
                            <technique_common>
                                <instance_material symbol="Material2" target="#ID27">
                                    <bind_vertex_input semantic="UVSET0" input_semantic="TEXCOORD" input_set="0" />
                                </instance_material>
                            </technique_common>
                        </bind_material>
                    </instance_geometry>
                    <instance_geometry url="#ID244">
                        <bind_material>
                            <technique_common>
                                <instance_material symbol="Material2" target="#ID27">
                                    <bind_vertex_input semantic="UVSET0" input_semantic="TEXCOORD" input_set="0" />
                                </instance_material>
                            </technique_common>
                        </bind_material>
                    </instance_geometry>
                </node>
                <node id="ID250" name="Steher_Paar">
                    <matrix>1 0 0 0 0 1 0 549.9602 0 0 1 -5.962556e-21 0 0 0 1</matrix>
                    <instance_geometry url="#ID251">
                        <bind_material>
                            <technique_common>
                                <instance_material symbol="Material2" target="#ID5">
                                    <bind_vertex_input semantic="UVSET0" input_semantic="TEXCOORD" input_set="0" />
                                </instance_material>
                            </technique_common>
                        </bind_material>
                    </instance_geometry>
                    <instance_geometry url="#ID259">
                        <bind_material>
                            <technique_common>
                                <instance_material symbol="Material2" target="#ID5">
                                    <bind_vertex_input semantic="UVSET0" input_semantic="TEXCOORD" input_set="0" />
                                </instance_material>
                            </technique_common>
                        </bind_material>
                    </instance_geometry>
                    <instance_geometry url="#ID267">
                        <bind_material>
                            <technique_common>
                                <instance_material symbol="Material2" target="#ID27">
                                    <bind_vertex_input semantic="UVSET0" input_semantic="TEXCOORD" input_set="0" />
                                </instance_material>
                            </technique_common>
                        </bind_material>
                    </instance_geometry>
                    <instance_geometry url="#ID273">
                        <bind_material>
                            <technique_common>
                                <instance_material symbol="Material2" target="#ID27">
                                    <bind_vertex_input semantic="UVSET0" input_semantic="TEXCOORD" input_set="0" />
                                </instance_material>
                            </technique_common>
                        </bind_material>
                    </instance_geometry>
                    <instance_geometry url="#ID279">
                        <bind_material>
                            <technique_common>
                                <instance_material symbol="Material2" target="#ID27">
                                    <bind_vertex_input semantic="UVSET0" input_semantic="TEXCOORD" input_set="0" />
                                </instance_material>
                            </technique_common>
                        </bind_material>
                    </instance_geometry>
                </node>
                <node id="ID285" name="Steher_Paar">
                    <matrix>1 0 0 0 0 1 0 659.9522 0 0 1 -5.962556e-21 0 0 0 1</matrix>
                    <instance_geometry url="#ID286">
                        <bind_material>
                            <technique_common>
                                <instance_material symbol="Material2" target="#ID5">
                                    <bind_vertex_input semantic="UVSET0" input_semantic="TEXCOORD" input_set="0" />
                                </instance_material>
                            </technique_common>
                        </bind_material>
                    </instance_geometry>
                    <instance_geometry url="#ID294">
                        <bind_material>
                            <technique_common>
                                <instance_material symbol="Material2" target="#ID5">
                                    <bind_vertex_input semantic="UVSET0" input_semantic="TEXCOORD" input_set="0" />
                                </instance_material>
                            </technique_common>
                        </bind_material>
                    </instance_geometry>
                    <instance_geometry url="#ID302">
                        <bind_material>
                            <technique_common>
                                <instance_material symbol="Material2" target="#ID27">
                                    <bind_vertex_input semantic="UVSET0" input_semantic="TEXCOORD" input_set="0" />
                                </instance_material>
                            </technique_common>
                        </bind_material>
                    </instance_geometry>
                    <instance_geometry url="#ID308">
                        <bind_material>
                            <technique_common>
                                <instance_material symbol="Material2" target="#ID27">
                                    <bind_vertex_input semantic="UVSET0" input_semantic="TEXCOORD" input_set="0" />
                                </instance_material>
                            </technique_common>
                        </bind_material>
                    </instance_geometry>
                    <instance_geometry url="#ID314">
                        <bind_material>
                            <technique_common>
                                <instance_material symbol="Material2" target="#ID27">
                                    <bind_vertex_input semantic="UVSET0" input_semantic="TEXCOORD" input_set="0" />
                                </instance_material>
                            </technique_common>
                        </bind_material>
                    </instance_geometry>
                </node>
                <node id="ID320" name="Steher_Paar">
                    <matrix>1 0 0 0 0 1 0 769.9443 0 0 1 -5.962556e-21 0 0 0 1</matrix>
                    <instance_geometry url="#ID321">
                        <bind_material>
                            <technique_common>
                                <instance_material symbol="Material2" target="#ID5">
                                    <bind_vertex_input semantic="UVSET0" input_semantic="TEXCOORD" input_set="0" />
                                </instance_material>
                            </technique_common>
                        </bind_material>
                    </instance_geometry>
                    <instance_geometry url="#ID329">
                        <bind_material>
                            <technique_common>
                                <instance_material symbol="Material2" target="#ID5">
                                    <bind_vertex_input semantic="UVSET0" input_semantic="TEXCOORD" input_set="0" />
                                </instance_material>
                            </technique_common>
                        </bind_material>
                    </instance_geometry>
                    <instance_geometry url="#ID337">
                        <bind_material>
                            <technique_common>
                                <instance_material symbol="Material2" target="#ID27">
                                    <bind_vertex_input semantic="UVSET0" input_semantic="TEXCOORD" input_set="0" />
                                </instance_material>
                            </technique_common>
                        </bind_material>
                    </instance_geometry>
                    <instance_geometry url="#ID343">
                        <bind_material>
                            <technique_common>
                                <instance_material symbol="Material2" target="#ID27">
                                    <bind_vertex_input semantic="UVSET0" input_semantic="TEXCOORD" input_set="0" />
                                </instance_material>
                            </technique_common>
                        </bind_material>
                    </instance_geometry>
                    <instance_geometry url="#ID349">
                        <bind_material>
                            <technique_common>
                                <instance_material symbol="Material2" target="#ID27">
                                    <bind_vertex_input semantic="UVSET0" input_semantic="TEXCOORD" input_set="0" />
                                </instance_material>
                            </technique_common>
                        </bind_material>
                    </instance_geometry>
                </node>
            </node>
        </visual_scene>
    </library_visual_scenes>
    <library_geometries>
        <geometry id="ID4">
            <mesh>
                <source id="ID10">
                    <float_array id="ID14" count="48">100.1007 1.574803 1.232595e-32 100.1007 0 75.39561 100.1007 0 1.217053e-18 100.1007 1.574803 75.39561 97.73845 1.574803 74.1396 100.1007 1.574803 1.232595e-32 97.73845 1.574803 0 100.1007 1.574803 75.39561 100.1007 0 75.39561 97.73845 0 1.217053e-18 100.1007 0 1.217053e-18 97.73845 0 74.1396 97.73845 1.574803 74.1396 97.73845 0 1.217053e-18 97.73845 0 74.1396 97.73845 1.574803 0</float_array>
                    <technique_common>
                        <accessor count="16" source="#ID14" stride="3">
                            <param name="X" type="float" />
                            <param name="Y" type="float" />
                            <param name="Z" type="float" />
                        </accessor>
                    </technique_common>
                </source>
                <source id="ID11">
                    <float_array id="ID15" count="48">1 0 0 1 0 0 1 0 0 1 0 0 0 1 0 0 1 0 0 1 0 0 1 0 0 -1 0 0 -1 0 0 -1 0 0 -1 0 -1 -4.511946e-15 9.583848e-17 -1 -4.511946e-15 9.583848e-17 -1 -4.511946e-15 9.583848e-17 -1 -4.511946e-15 9.583848e-17</float_array>
                    <technique_common>
                        <accessor count="16" source="#ID15" stride="3">
                            <param name="X" type="float" />
                            <param name="Y" type="float" />
                            <param name="Z" type="float" />
                        </accessor>
                    </technique_common>
                </source>
                <source id="ID13">
                    <float_array id="ID16" count="32">-6.613912 3.003294e-19 -6.640158 1.256594 -6.640158 3.206137e-19 -6.613912 1.256594 -1.271616 1.23566 -1.310986 3.003294e-19 -1.271616 3.003294e-19 -1.310986 1.256594 1.310986 1.256594 1.271616 3.206137e-19 1.310986 3.206137e-19 1.271616 1.23566 6.613912 1.23566 6.640158 1.221904e-16 6.640158 1.23566 6.613912 1.221701e-16</float_array>
                    <technique_common>
                        <accessor count="16" source="#ID16" stride="2">
                            <param name="S" type="float" />
                            <param name="T" type="float" />
                        </accessor>
                    </technique_common>
                </source>
                <vertices id="ID12">
                    <input semantic="POSITION" source="#ID10" />
                    <input semantic="NORMAL" source="#ID11" />
                </vertices>
                <triangles count="8" material="Material2">
                    <input offset="0" semantic="VERTEX" source="#ID12" />
                    <input offset="1" semantic="TEXCOORD" source="#ID13" />
                    <p>0 0 1 1 2 2 1 1 0 0 3 3 4 4 5 5 6 6 5 5 4 4 7 7 8 8 9 9 10 10 9 9 8 8 11 11 12 12 13 13 14 14 13 13 12 12 15 15</p>
                </triangles>
            </mesh>
        </geometry>
        <geometry id="ID17">
            <mesh>
                <source id="ID18">
                    <float_array id="ID22" count="48">2.362205 0 1.912244e-16 0 0 22.17115 0 0 1.86096e-16 2.362205 0 23.42716 2.362205 1.574803 1.912244e-16 2.362205 0 23.42716 2.362205 0 1.912244e-16 2.362205 1.574803 23.42716 0 1.574803 22.17115 0 0 1.86096e-16 0 0 22.17115 0 1.574803 1.86096e-16 0 1.574803 22.17115 2.362205 1.574803 1.912244e-16 0 1.574803 1.86096e-16 2.362205 1.574803 23.42716</float_array>
                    <technique_common>
                        <accessor count="16" source="#ID22" stride="3">
                            <param name="X" type="float" />
                            <param name="Y" type="float" />
                            <param name="Z" type="float" />
                        </accessor>
                    </technique_common>
                </source>
                <source id="ID19">
                    <float_array id="ID23" count="48">0 -1 0 0 -1 0 0 -1 0 0 -1 0 1 0 0 1 0 0 1 0 0 1 0 0 -1 0 0 -1 0 0 -1 0 0 -1 0 0 0 1 0 0 1 0 0 1 0 0 1 0</float_array>
                    <technique_common>
                        <accessor count="16" source="#ID23" stride="3">
                            <param name="X" type="float" />
                            <param name="Y" type="float" />
                            <param name="Z" type="float" />
                        </accessor>
                    </technique_common>
                </source>
                <source id="ID21">
