<?xml version="1.0" encoding="UTF-8" standalone="no" ?>
<COLLADA xmlns="http://www.collada.org/2005/11/COLLADASchema" version="1.4.1">
    <asset>
        <contributor>
            <authoring_tool>SketchUp 17.1.174</authoring_tool>
        </contributor>
        <created>2019-07-30T15:00:16Z</created>
        <modified>2019-07-30T15:00:16Z</modified>
        <unit meter="0.0254" name="inch" />
        <up_axis>Z_UP</up_axis>
    </asset>
    <library_cameras>
        <camera id="ID1" name="skp_camera_Last_Saved_SketchUp_View">
            <optics>
                <technique_common>
                    <perspective>
                        <yfov>35</yfov>
                        <aspect_ratio>0</aspect_ratio>
                        <znear>1</znear>
                        <zfar>1000</zfar>
                    </perspective>
                </technique_common>
            </optics>
        </camera>
    </library_cameras>
    <library_visual_scenes>
        <visual_scene id="ID2">
            <node name="SketchUp">
                <node name="skp_camera_Last_Saved_SketchUp_View">
                    <matrix>-0.1133645 0.2939577 -0.9490718 -1828.171 -0.9935535 -0.03354058 0.1082891 755.1055 0 0.9552298 0.295865 402.1875 0 0 0 1</matrix>
                    <instance_camera url="#ID1" />
                </node>
                <node id="ID3" name="Steher_Paar">
                    <matrix>1 0 0 0 0 1 0 0 0 0 1 0 0 0 0 1</matrix>
                    <instance_geometry url="#ID4">
                        <bind_material>
                            <technique_common>
                                <instance_material symbol="Material2" target="#ID5">
                                    <bind_vertex_input semantic="UVSET0" input_semantic="TEXCOORD" input_set="0" />
                                </instance_material>
                            </technique_common>
                        </bind_material>
                    </instance_geometry>
                    <instance_geometry url="#ID17">
                        <bind_material>
                            <technique_common>
                                <instance_material symbol="Material2" target="#ID5">
                                    <bind_vertex_input semantic="UVSET0" input_semantic="TEXCOORD" input_set="0" />
                                </instance_material>
                            </technique_common>
                        </bind_material>
                    </instance_geometry>
                    <instance_geometry url="#ID25">
                        <bind_material>
                            <technique_common>
                                <instance_material symbol="Material2" target="#ID27">
                                    <bind_vertex_input semantic="UVSET0" input_semantic="TEXCOORD" input_set="0" />
                                </instance_material>
                            </technique_common>
                        </bind_material>
                    </instance_geometry>
                    <instance_geometry url="#ID33">
                        <bind_material>
                            <technique_common>
                                <instance_material symbol="Material2" target="#ID27">
                                    <bind_vertex_input semantic="UVSET0" input_semantic="TEXCOORD" input_set="0" />
                                </instance_material>
                            </technique_common>
                        </bind_material>
                    </instance_geometry>
                    <instance_geometry url="#ID39">
                        <bind_material>
                            <technique_common>
                                <instance_material symbol="Material2" target="#ID27">
                                    <bind_vertex_input semantic="UVSET0" input_semantic="TEXCOORD" input_set="0" />
                                </instance_material>
                            </technique_common>
                        </bind_material>
                    </instance_geometry>
                </node>
                <node id="ID45" name="_4kWp">
                    <matrix>1 0 0 -8.613341 0 1 0 -19.4258 0 0 1 17.98446 0 0 0 1</matrix>
                    <node id="ID46" name="instance_0">
                        <matrix>0.8829476 0 -0.4694716 0.7393253 0 1 0 283.8583 0.4694716 -0 0.8829476 0 0 0 0 1</matrix>
                        <instance_node url="#ID47" />
                    </node>
                    <node id="ID69" name="instance_1">
                        <matrix>0.8829476 0 -0.4694716 58.79139 0 1 0 202.7559 0.4694716 -0 0.8829476 30.86683 0 0 0 1</matrix>
                        <instance_node url="#ID47" />
                    </node>
                    <node id="ID70" name="instance_2">
                        <matrix>0.8829476 0 -0.4694716 58.79139 0 1 0 0 0.4694716 -0 0.8829476 30.86683 0 0 0 1</matrix>
                        <instance_node url="#ID47" />
                    </node>
                    <node id="ID71" name="instance_3">
                        <matrix>0.8829476 0 -0.4694716 58.79139 0 1 0 121.6535 0.4694716 -0 0.8829476 30.86683 0 0 0 1</matrix>
                        <instance_node url="#ID47" />
                    </node>
                    <node id="ID72" name="instance_4">
                        <matrix>0.8829476 0 -0.4694716 0.7393253 0 1 0 0 0.4694716 -0 0.8829476 0 0 0 0 1</matrix>
                        <instance_node url="#ID47" />
                    </node>
                    <node id="ID73" name="instance_5">
                        <matrix>0.8829476 0 -0.4694716 58.79139 0 1 0 162.2047 0.4694716 -0 0.8829476 30.86683 0 0 0 1</matrix>
                        <instance_node url="#ID47" />
                    </node>
                    <node id="ID74" name="instance_6">
                        <matrix>0.8829476 0 -0.4694716 58.79139 0 1 0 81.10236 0.4694716 -0 0.8829476 30.86683 0 0 0 1</matrix>
                        <instance_node url="#ID47" />
                    </node>
                    <node id="ID75" name="instance_7">
                        <matrix>0.8829476 0 -0.4694716 58.79139 0 1 0 243.3071 0.4694716 -0 0.8829476 30.86683 0 0 0 1</matrix>
                        <instance_node url="#ID47" />
                    </node>
                    <node id="ID76" name="instance_8">
                        <matrix>0.8829476 0 -0.4694716 0.7393253 0 1 0 162.2047 0.4694716 -0 0.8829476 0 0 0 0 1</matrix>
                        <instance_node url="#ID47" />
                    </node>
                    <node id="ID77" name="instance_9">
                        <matrix>0.8829476 0 -0.4694716 0.7393253 0 1 0 121.6535 0.4694716 -0 0.8829476 0 0 0 0 1</matrix>
                        <instance_node url="#ID47" />
                    </node>
                    <node id="ID78" name="instance_10">
                        <matrix>0.8829476 0 -0.4694716 58.79139 0 1 0 40.55118 0.4694716 -0 0.8829476 30.86683 0 0 0 1</matrix>
                        <instance_node url="#ID47" />
                    </node>
                    <node id="ID79" name="instance_11">
                        <matrix>0.8829476 0 -0.4694716 0.7393253 0 1 0 202.7559 0.4694716 -0 0.8829476 0 0 0 0 1</matrix>
                        <instance_node url="#ID47" />
                    </node>
                    <node id="ID80" name="instance_12">
                        <matrix>0.8829476 0 -0.4694716 0.7393253 0 1 0 40.55118 0.4694716 -0 0.8829476 0 0 0 0 1</matrix>
                        <instance_node url="#ID47" />
                    </node>
                    <node id="ID81" name="instance_13">
                        <matrix>0.8829476 0 -0.4694716 0.7393253 0 1 0 81.10236 0.4694716 -0 0.8829476 0 0 0 0 1</matrix>
                        <instance_node url="#ID47" />
                    </node>
                    <node id="ID82" name="instance_14">
                        <matrix>0.8829476 0 -0.4694716 58.79139 0 1 0 283.8583 0.4694716 -0 0.8829476 30.86683 0 0 0 1</matrix>
                        <instance_node url="#ID47" />
                    </node>
                    <node id="ID83" name="instance_15">
                        <matrix>0.8829476 0 -0.4694716 0.7393253 0 1 0 243.3071 0.4694716 -0 0.8829476 0 0 0 0 1</matrix>
                        <instance_node url="#ID47" />
                    </node>
                </node>
                <node id="ID84" name="_4kWp">
                    <matrix>1 0 0 -8.613341 0 1 0 304.9837 0 0 1 17.98446 0 0 0 1</matrix>
                    <node id="ID85" name="instance_0">
                        <matrix>0.8829476 0 -0.4694716 0.7393253 0 1 0 283.8583 0.4694716 -0 0.8829476 0 0 0 0 1</matrix>
                        <instance_node url="#ID47" />
                    </node>
                    <node id="ID86" name="instance_1">
                        <matrix>0.8829476 0 -0.4694716 58.79139 0 1 0 202.7559 0.4694716 -0 0.8829476 30.86683 0 0 0 1</matrix>
                        <instance_node url="#ID47" />
                    </node>
                    <node id="ID87" name="instance_2">
                        <matrix>0.8829476 0 -0.4694716 58.79139 0 1 0 0 0.4694716 -0 0.8829476 30.86683 0 0 0 1</matrix>
                        <instance_node url="#ID47" />
                    </node>
                    <node id="ID88" name="instance_3">
                        <matrix>0.8829476 0 -0.4694716 58.79139 0 1 0 121.6535 0.4694716 -0 0.8829476 30.86683 0 0 0 1</matrix>
                        <instance_node url="#ID47" />
                    </node>
                    <node id="ID89" name="instance_4">
                        <matrix>0.8829476 0 -0.4694716 0.7393253 0 1 0 0 0.4694716 -0 0.8829476 0 0 0 0 1</matrix>
                        <instance_node url="#ID47" />
                    </node>
                    <node id="ID90" name="instance_5">
                        <matrix>0.8829476 0 -0.4694716 58.79139 0 1 0 162.2047 0.4694716 -0 0.8829476 30.86683 0 0 0 1</matrix>
                        <instance_node url="#ID47" />
                    </node>
                    <node id="ID91" name="instance_6">
                        <matrix>0.8829476 0 -0.4694716 58.79139 0 1 0 81.10236 0.4694716 -0 0.8829476 30.86683 0 0 0 1</matrix>
                        <instance_node url="#ID47" />
                    </node>
                    <node id="ID92" name="instance_7">
                        <matrix>0.8829476 0 -0.4694716 58.79139 0 1 0 243.3071 0.4694716 -0 0.8829476 30.86683 0 0 0 1</matrix>
                        <instance_node url="#ID47" />
                    </node>
                    <node id="ID93" name="instance_8">
                        <matrix>0.8829476 0 -0.4694716 0.7393253 0 1 0 162.2047 0.4694716 -0 0.8829476 0 0 0 0 1</matrix>
                        <instance_node url="#ID47" />
                    </node>
                    <node id="ID94" name="instance_9">
                        <matrix>0.8829476 0 -0.4694716 0.7393253 0 1 0 121.6535 0.4694716 -0 0.8829476 0 0 0 0 1</matrix>
                        <instance_node url="#ID47" />
                    </node>
                    <node id="ID95" name="instance_10">
                        <matrix>0.8829476 0 -0.4694716 58.79139 0 1 0 40.55118 0.4694716 -0 0.8829476 30.86683 0 0 0 1</matrix>
                        <instance_node url="#ID47" />
                    </node>
                    <node id="ID96" name="instance_11">
                        <matrix>0.8829476 0 -0.4694716 0.7393253 0 1 0 202.7559 0.4694716 -0 0.8829476 0 0 0 0 1</matrix>
                        <instance_node url="#ID47" />
                    </node>
                    <node id="ID97" name="instance_12">
                        <matrix>0.8829476 0 -0.4694716 0.7393253 0 1 0 40.55118 0.4694716 -0 0.8829476 0 0 0 0 1</matrix>
                        <instance_node url="#ID47" />
                    </node>
                    <node id="ID98" name="instance_13">
                        <matrix>0.8829476 0 -0.4694716 0.7393253 0 1 0 81.10236 0.4694716 -0 0.8829476 0 0 0 0 1</matrix>
                        <instance_node url="#ID47" />
                    </node>
                    <node id="ID99" name="instance_14">
                        <matrix>0.8829476 0 -0.4694716 58.79139 0 1 0 283.8583 0.4694716 -0 0.8829476 30.86683 0 0 0 1</matrix>
                        <instance_node url="#ID47" />
                    </node>
                    <node id="ID100" name="instance_15">
                        <matrix>0.8829476 0 -0.4694716 0.7393253 0 1 0 243.3071 0.4694716 -0 0.8829476 0 0 0 0 1</matrix>
                        <instance_node url="#ID47" />
                    </node>
                </node>
                <node id="ID101" name="_4kWp">
                    <matrix>1 0 0 -8.613341 0 1 0 629.3931 0 0 1 17.98446 0 0 0 1</matrix>
                    <node id="ID102" name="instance_0">
                        <matrix>0.8829476 0 -0.4694716 0.7393253 0 1 0 283.8583 0.4694716 -0 0.8829476 0 0 0 0 1</matrix>
                        <instance_node url="#ID47" />
                    </node>
                    <node id="ID103" name="instance_1">
                        <matrix>0.8829476 0 -0.4694716 58.79139 0 1 0 202.7559 0.4694716 -0 0.8829476 30.86683 0 0 0 1</matrix>
                        <instance_node url="#ID47" />
                    </node>
                    <node id="ID104" name="instance_2">
                        <matrix>0.8829476 0 -0.4694716 58.79139 0 1 0 0 0.4694716 -0 0.8829476 30.86683 0 0 0 1</matrix>
                        <instance_node url="#ID47" />
                    </node>
                    <node id="ID105" name="instance_3">
                        <matrix>0.8829476 0 -0.4694716 58.79139 0 1 0 121.6535 0.4694716 -0 0.8829476 30.86683 0 0 0 1</matrix>
                        <instance_node url="#ID47" />
                    </node>
                    <node id="ID106" name="instance_4">
                        <matrix>0.8829476 0 -0.4694716 0.7393253 0 1 0 0 0.4694716 -0 0.8829476 0 0 0 0 1</matrix>
                        <instance_node url="#ID47" />
                    </node>
                    <node id="ID107" name="instance_5">
                        <matrix>0.8829476 0 -0.4694716 58.79139 0 1 0 162.2047 0.4694716 -0 0.8829476 30.86683 0 0 0 1</matrix>
                        <instance_node url="#ID47" />
                    </node>
                    <node id="ID108" name="instance_6">
                        <matrix>0.8829476 0 -0.4694716 58.79139 0 1 0 81.10236 0.4694716 -0 0.8829476 30.86683 0 0 0 1</matrix>
                        <instance_node url="#ID47" />
                    </node>
                    <node id="ID109" name="instance_7">
                        <matrix>0.8829476 0 -0.4694716 58.79139 0 1 0 243.3071 0.4694716 -0 0.8829476 30.86683 0 0 0 1</matrix>
                        <instance_node url="#ID47" />
                    </node>
                    <node id="ID110" name="instance_8">
                        <matrix>0.8829476 0 -0.4694716 0.7393253 0 1 0 162.2047 0.4694716 -0 0.8829476 0 0 0 0 1</matrix>
                        <instance_node url="#ID47" />
                    </node>
                    <node id="ID111" name="instance_9">
                        <matrix>0.8829476 0 -0.4694716 0.7393253 0 1 0 121.6535 0.4694716 -0 0.8829476 0 0 0 0 1</matrix>
                        <instance_node url="#ID47" />
                    </node>
                    <node id="ID112" name="instance_10">
                        <matrix>0.8829476 0 -0.4694716 58.79139 0 1 0 40.55118 0.4694716 -0 0.8829476 30.86683 0 0 0 1</matrix>
                        <instance_node url="#ID47" />
                    </node>
                    <node id="ID113" name="instance_11">
                        <matrix>0.8829476 0 -0.4694716 0.7393253 0 1 0 202.7559 0.4694716 -0 0.8829476 0 0 0 0 1</matrix>
                        <instance_node url="#ID47" />
                    </node>
                    <node id="ID114" name="instance_12">
                        <matrix>0.8829476 0 -0.4694716 0.7393253 0 1 0 40.55118 0.4694716 -0 0.8829476 0 0 0 0 1</matrix>
                        <instance_node url="#ID47" />
                    </node>
                    <node id="ID115" name="instance_13">
                        <matrix>0.8829476 0 -0.4694716 0.7393253 0 1 0 81.10236 0.4694716 -0 0.8829476 0 0 0 0 1</matrix>
                        <instance_node url="#ID47" />
                    </node>
                    <node id="ID116" name="instance_14">
                        <matrix>0.8829476 0 -0.4694716 58.79139 0 1 0 283.8583 0.4694716 -0 0.8829476 30.86683 0 0 0 1</matrix>
                        <instance_node url="#ID47" />
                    </node>
                    <node id="ID117" name="instance_15">
                        <matrix>0.8829476 0 -0.4694716 0.7393253 0 1 0 243.3071 0.4694716 -0 0.8829476 0 0 0 0 1</matrix>
                        <instance_node url="#ID47" />
                    </node>
                </node>
                <node id="ID118" name="Steher_Paar">
                    <matrix>1 0 0 0 0 1 0 93.2149 0 0 1 -5.962556e-21 0 0 0 1</matrix>
                    <instance_geometry url="#ID119">
                        <bind_material>
                            <technique_common>
                                <instance_material symbol="Material2" target="#ID5">
                                    <bind_vertex_input semantic="UVSET0" input_semantic="TEXCOORD" input_set="0" />
                                </instance_material>
                            </technique_common>
                        </bind_material>
                    </instance_geometry>
                    <instance_geometry url="#ID127">
                        <bind_material>
                            <technique_common>
                                <instance_material symbol="Material2" target="#ID5">
                                    <bind_vertex_input semantic="UVSET0" input_semantic="TEXCOORD" input_set="0" />
                                </instance_material>
                            </technique_common>
                        </bind_material>
                    </instance_geometry>
                    <instance_geometry url="#ID135">
                        <bind_material>
                            <technique_common>
                                <instance_material symbol="Material2" target="#ID27">
                                    <bind_vertex_input semantic="UVSET0" input_semantic="TEXCOORD" input_set="0" />
                                </instance_material>
                            </technique_common>
                        </bind_material>
                    </instance_geometry>
                    <instance_geometry url="#ID141">
                        <bind_material>
                            <technique_common>
                                <instance_material symbol="Material2" target="#ID27">
                                    <bind_vertex_input semantic="UVSET0" input_semantic="TEXCOORD" input_set="0" />
                                </instance_material>
                            </technique_common>
                        </bind_material>
                    </instance_geometry>
                    <instance_geometry url="#ID147">
                        <bind_material>
                            <technique_common>
                                <instance_material symbol="Material2" target="#ID27">
                                    <bind_vertex_input semantic="UVSET0" input_semantic="TEXCOORD" input_set="0" />
                                </instance_material>
                            </technique_common>
                        </bind_material>
                    </instance_geometry>
                </node>
                <node id="ID153" name="Steher_Paar">
                    <matrix>1 0 0 0 0 1 0 186.4298 0 0 1 -5.962556e-21 0 0 0 1</matrix>
                    <instance_geometry url="#ID154">
                        <bind_material>
                            <technique_common>
                                <instance_material symbol="Material2" target="#ID5">
                                    <bind_vertex_input semantic="UVSET0" input_semantic="TEXCOORD" input_set="0" />
                                </instance_material>
                            </technique_common>
                        </bind_material>
                    </instance_geometry>
                    <instance_geometry url="#ID162">
                        <bind_material>
                            <technique_common>
                                <instance_material symbol="Material2" target="#ID5">
                                    <bind_vertex_input semantic="UVSET0" input_semantic="TEXCOORD" input_set="0" />
                                </instance_material>
                            </technique_common>
                        </bind_material>
                    </instance_geometry>
                    <instance_geometry url="#ID170">
                        <bind_material>
                            <technique_common>
                                <instance_material symbol="Material2" target="#ID27">
                                    <bind_vertex_input semantic="UVSET0" input_semantic="TEXCOORD" input_set="0" />
                                </instance_material>
                            </technique_common>
                        </bind_material>
                    </instance_geometry>
                    <instance_geometry url="#ID176">
                        <bind_material>
                            <technique_common>
                                <instance_material symbol="Material2" target="#ID27">
                                    <bind_vertex_input semantic="UVSET0" input_semantic="TEXCOORD" input_set="0" />
                                </instance_material>
                            </technique_common>
                        </bind_material>
                    </instance_geometry>
                    <instance_geometry url="#ID182">
                        <bind_material>
                            <technique_common>
                                <instance_material symbol="Material2" target="#ID27">
                                    <bind_vertex_input semantic="UVSET0" input_semantic="TEXCOORD" input_set="0" />
                                </instance_material>
                            </technique_common>
                        </bind_material>
                    </instance_geometry>
                </node>
                <node id="ID188" name="Steher_Paar">
                    <matrix>1 0 0 0 0 1 0 279.6447 0 0 1 -5.962556e-21 0 0 0 1</matrix>
                    <instance_geometry url="#ID189">
                        <bind_material>
                            <technique_common>
                                <instance_material symbol="Material2" target="#ID5">
                                    <bind_vertex_input semantic="UVSET0" input_semantic="TEXCOORD" input_set="0" />
                                </instance_material>
                            </technique_common>
                        </bind_material>
                    </instance_geometry>
                    <instance_geometry url="#ID197">
                        <bind_material>
                            <technique_common>
                                <instance_material symbol="Material2" target="#ID5">
                                    <bind_vertex_input semantic="UVSET0" input_semantic="TEXCOORD" input_set="0" />
                                </instance_material>
                            </technique_common>
                        </bind_material>
                    </instance_geometry>
                    <instance_geometry url="#ID205">
                        <bind_material>
                            <technique_common>
                                <instance_material symbol="Material2" target="#ID27">
                                    <bind_vertex_input semantic="UVSET0" input_semantic="TEXCOORD" input_set="0" />
                                </instance_material>
                            </technique_common>
                        </bind_material>
                    </instance_geometry>
                    <instance_geometry url="#ID211">
                        <bind_material>
                            <technique_common>
                                <instance_material symbol="Material2" target="#ID27">
                                    <bind_vertex_input semantic="UVSET0" input_semantic="TEXCOORD" input_set="0" />
                                </instance_material>
                            </technique_common>
                        </bind_material>
                    </instance_geometry>
                    <instance_geometry url="#ID217">
                        <bind_material>
                            <technique_common>
                                <instance_material symbol="Material2" target="#ID27">
                                    <bind_vertex_input semantic="UVSET0" input_semantic="TEXCOORD" input_set="0" />
                                </instance_material>
                            </technique_common>
                        </bind_material>
                    </instance_geometry>
                </node>
                <node id="ID223" name="Steher_Paar">
                    <matrix>1 0 0 0 0 1 0 372.8596 0 0 1 -5.962556e-21 0 0 0 1</matrix>
                    <instance_geometry url="#ID224">
                        <bind_material>
                            <technique_common>
                                <instance_material symbol="Material2" target="#ID5">
                                    <bind_vertex_input semantic="UVSET0" input_semantic="TEXCOORD" input_set="0" />
                                </instance_material>
                            </technique_common>
                        </bind_material>
                    </instance_geometry>
                    <instance_geometry url="#ID232">
                        <bind_material>
                            <technique_common>
                                <instance_material symbol="Material2" target="#ID5">
                                    <bind_vertex_input semantic="UVSET0" input_semantic="TEXCOORD" input_set="0" />
                                </instance_material>
                            </technique_common>
                        </bind_material>
                    </instance_geometry>
                    <instance_geometry url="#ID240">
                        <bind_material>
                            <technique_common>
                                <instance_material symbol="Material2" target="#ID27">
                                    <bind_vertex_input semantic="UVSET0" input_semantic="TEXCOORD" input_set="0" />
                                </instance_material>
                            </technique_common>
                        </bind_material>
                    </instance_geometry>
                    <instance_geometry url="#ID246">
                        <bind_material>
                            <technique_common>
                                <instance_material symbol="Material2" target="#ID27">
                                    <bind_vertex_input semantic="UVSET0" input_semantic="TEXCOORD" input_set="0" />
                                </instance_material>
                            </technique_common>
                        </bind_material>
                    </instance_geometry>
                    <instance_geometry url="#ID252">
                        <bind_material>
                            <technique_common>
                                <instance_material symbol="Material2" target="#ID27">
                                    <bind_vertex_input semantic="UVSET0" input_semantic="TEXCOORD" input_set="0" />
                                </instance_material>
                            </technique_common>
                        </bind_material>
                    </instance_geometry>
                </node>
                <node id="ID258" name="Steher_Paar">
                    <matrix>1 0 0 0 0 1 0 466.0745 0 0 1 -5.962556e-21 0 0 0 1</matrix>
                    <instance_geometry url="#ID259">
                        <bind_material>
                            <technique_common>
                                <instance_material symbol="Material2" target="#ID5">
                                    <bind_vertex_input semantic="UVSET0" input_semantic="TEXCOORD" input_set="0" />
                                </instance_material>
                            </technique_common>
                        </bind_material>
                    </instance_geometry>
                    <instance_geometry url="#ID267">
                        <bind_material>
                            <technique_common>
                                <instance_material symbol="Material2" target="#ID5">
                                    <bind_vertex_input semantic="UVSET0" input_semantic="TEXCOORD" input_set="0" />
                                </instance_material>
                            </technique_common>
                        </bind_material>
                    </instance_geometry>
                    <instance_geometry url="#ID275">
                        <bind_material>
                            <technique_common>
                                <instance_material symbol="Material2" target="#ID27">
                                    <bind_vertex_input semantic="UVSET0" input_semantic="TEXCOORD" input_set="0" />
                                </instance_material>
                            </technique_common>
                        </bind_material>
                    </instance_geometry>
                    <instance_geometry url="#ID281">
                        <bind_material>
                            <technique_common>
                                <instance_material symbol="Material2" target="#ID27">
                                    <bind_vertex_input semantic="UVSET0" input_semantic="TEXCOORD" input_set="0" />
                                </instance_material>
                            </technique_common>
                        </bind_material>
                    </instance_geometry>
                    <instance_geometry url="#ID287">
                        <bind_material>
                            <technique_common>
                                <instance_material symbol="Material2" target="#ID27">
                                    <bind_vertex_input semantic="UVSET0" input_semantic="TEXCOORD" input_set="0" />
                                </instance_material>
                            </technique_common>
                        </bind_material>
                    </instance_geometry>
                </node>
                <node id="ID293" name="Steher_Paar">
                    <matrix>1 0 0 0 0 1 0 559.2894 0 0 1 -5.962556e-21 0 0 0 1</matrix>
                    <instance_geometry url="#ID294">
                        <bind_material>
                            <technique_common>
                                <instance_material symbol="Material2" target="#ID5">
                                    <bind_vertex_input semantic="UVSET0" input_semantic="TEXCOORD" input_set="0" />
                                </instance_material>
                            </technique_common>
                        </bind_material>
                    </instance_geometry>
                    <instance_geometry url="#ID302">
                        <bind_material>
                            <technique_common>
                                <instance_material symbol="Material2" target="#ID5">
                                    <bind_vertex_input semantic="UVSET0" input_semantic="TEXCOORD" input_set="0" />
                                </instance_material>
                            </technique_common>
                        </bind_material>
                    </instance_geometry>
                    <instance_geometry url="#ID310">
                        <bind_material>
                            <technique_common>
                                <instance_material symbol="Material2" target="#ID27">
                                    <bind_vertex_input semantic="UVSET0" input_semantic="TEXCOORD" input_set="0" />
                                </instance_material>
                            </technique_common>
                        </bind_material>
                    </instance_geometry>
                    <instance_geometry url="#ID316">
                        <bind_material>
                            <technique_common>
                                <instance_material symbol="Material2" target="#ID27">
                                    <bind_vertex_input semantic="UVSET0" input_semantic="TEXCOORD" input_set="0" />
                                </instance_material>
                            </technique_common>
                        </bind_material>
                    </instance_geometry>
                    <instance_geometry url="#ID322">
                        <bind_material>
                            <technique_common>
                                <instance_material symbol="Material2" target="#ID27">
                                    <bind_vertex_input semantic="UVSET0" input_semantic="TEXCOORD" input_set="0" />
                                </instance_material>
                            </technique_common>
                        </bind_material>
                    </instance_geometry>
                </node>
                <node id="ID328" name="Steher_Paar">
                    <matrix>1 0 0 0 0 1 0 652.5043 0 0 1 -5.962556e-21 0 0 0 1</matrix>
                    <instance_geometry url="#ID329">
                        <bind_material>
                            <technique_common>
                                <instance_material symbol="Material2" target="#ID5">
                                    <bind_vertex_input semantic="UVSET0" input_semantic="TEXCOORD" input_set="0" />
                                </instance_material>
                            </technique_common>
                        </bind_material>
                    </instance_geometry>
                    <instance_geometry url="#ID337">
                        <bind_material>
                            <technique_common>
                                <instance_material symbol="Material2" target="#ID5">
                                    <bind_vertex_input semantic="UVSET0" input_semantic="TEXCOORD" input_set="0" />
                                </instance_material>
                            </technique_common>
                        </bind_material>
                    </instance_geometry>
                    <instance_geometry url="#ID345">
                        <bind_material>
                            <technique_common>
                                <instance_material symbol="Material2" target="#ID27">
                                    <bind_vertex_input semantic="UVSET0" input_semantic="TEXCOORD" input_set="0" />
                                </instance_material>
                            </technique_common>
                        </bind_material>
                    </instance_geometry>
                    <instance_geometry url="#ID351">
                        <bind_material>
                            <technique_common>
                                <instance_material symbol="Material2" target="#ID27">
                                    <bind_vertex_input semantic="UVSET0" input_semantic="TEXCOORD" input_set="0" />
                                </instance_material>
                            </technique_common>
                        </bind_material>
                    </instance_geometry>
                    <instance_geometry url="#ID357">
                        <bind_material>
                            <technique_common>
                                <instance_material symbol="Material2" target="#ID27">
                                    <bind_vertex_input semantic="UVSET0" input_semantic="TEXCOORD" input_set="0" />
                                </instance_material>
                            </technique_common>
                        </bind_material>
                    </instance_geometry>
                </node>
                <node id="ID363" name="Steher_Paar">
                    <matrix>1 0 0 0 0 1 0 745.7192 0 0 1 -5.962556e-21 0 0 0 1</matrix>
                    <instance_geometry url="#ID364">
                        <bind_material>
                            <technique_common>
                                <instance_material symbol="Material2" target="#ID5">
                                    <bind_vertex_input semantic="UVSET0" input_semantic="TEXCOORD" input_set="0" />
                                </instance_material>
                            </technique_common>
                        </bind_material>
                    </instance_geometry>
                    <instance_geometry url="#ID372">
                        <bind_material>
                            <technique_common>
                                <instance_material symbol="Material2" target="#ID5">
                                    <bind_vertex_input semantic="UVSET0" input_semantic="TEXCOORD" input_set="0" />
                                </instance_material>
                            </technique_common>
                        </bind_material>
                    </instance_geometry>
                    <instance_geometry url="#ID380">
                        <bind_material>
                            <technique_common>
                                <instance_material symbol="Material2" target="#ID27">
                                    <bind_vertex_input semantic="UVSET0" input_semantic="TEXCOORD" input_set="0" />
                                </instance_material>
                            </technique_common>
                        </bind_material>
                    </instance_geometry>
                    <instance_geometry url="#ID386">
                        <bind_material>
                            <technique_common>
                                <instance_material symbol="Material2" target="#ID27">
                                    <bind_vertex_input semantic="UVSET0" input_semantic="TEXCOORD" input_set="0" />
                                </instance_material>
                            </technique_common>
                        </bind_material>
                    </instance_geometry>
                    <instance_geometry url="#ID392">
                        <bind_material>
                            <technique_common>
                                <instance_material symbol="Material2" target="#ID27">
                                    <bind_vertex_input semantic="UVSET0" input_semantic="TEXCOORD" input_set="0" />
                                </instance_material>
